w=1.8
z=.9999999999
a=w*sqrt(1-z^2)*.5
